30,1,85,135,65,105,3.25,0.005,negative
60,1,81,113,61,122,21.61,1.24,positive
70,0,94,144,79,89,1.83,0.007,negative
78,1,83,131,82,182,2.26,1.15,positive
63,1,80,140,83,116,14.21,0.178,positive
57,1,64,117,68,94,4.16,0.019,positive
67,1,58,119,72,109,1.5,0.009,negative
67,0,62,109,63,362,1.73,0.006,negative
56,1,79,85,44,97,1.28,0.006,negative
43,0,79,89,57,98,2.46,0.006,negative
45,0,79,87,47,82,2.38,0.003,negative
50,1,80,98,52,110,4.61,0.003,negative
64,1,79,99,55,105,1.36,1.97,positive
63,0,78,116,60,180,2.58,0.005,negative
60,1,78,96,57,116,264.4,0.681,positive
53,0,77,105,58,92,0.687,0.009,negative
60,0,89,95,70,93,20.71,0.106,positive
44,0,91,100,71,116,7.02,0.014,negative
50,1,83,95,70,94,2.42,1.46,positive
69,1,82,86,70,87,4.37,0.017,positive
45,0,86,70,92,90,4.76,0.003,negative
55,1,92,71,93,127,1.8,0.009,negative
58,1,103,78,92,109,3.84,0.008,negative
50,0,72,91,70,147,2.74,0.063,positive
55,1,78,136,82,131,1.65,0.007,negative
70,0,75,128,74,84,1.27,0.005,negative
70,1,70,127,77,132,1.3,1.23,positive
73,0,62,110,69,227,1.2,0.016,positive
68,1,61,122,66,95,3.45,0.013,negative
41,1,60,131,70,134,0.743,2.86,positive
82,1,62,126,65,137,39.53,0.006,positive
32,1,72,136,80,111,5.6,0.003,negative
57,1,70,144,75,111,3.58,0.164,positive
50,1,60,135,89,81,4.56,1.86,positive
60,1,65,140,89,242,3.26,0.011,negative
67,1,61,134,89,106,2.37,0.032,positive
50,1,66,136,78,130,2.11,0.024,positive
60,0,100,170,103,197,3.36,0.012,negative
46,0,76,169,95,152,2.19,0.006,negative
46,1,78,150,76,169,3.43,0.008,negative
55,1,83,169,78,109,1.49,0.025,positive
55,0,76,149,75,347,20.21,0.009,positive
75,1,71,144,74,104,4.43,0.013,negative
40,0,75,148,73,117,3.32,0.008,negative
45,1,72,154,67,98,16.08,0.01,positive
68,0,73,150,75,103,3.09,0.005,negative
55,1,74,168,97,102,2,0.014,negative
50,0,81,130,58,99,6.14,0.003,negative
50,1,79,141,79,81,2.93,0.142,positive
68,1,67,191,110,165,2.58,0.01,negative
60,1,60,120,60,126,1.3,0.046,positive
55,1,67,145,83,191,0.683,2.99,positive
61,1,60,138,81,321,6.17,0.001,negative
51,1,72,141,89,133,8.57,0.008,positive
30,0,65,137,61,109,1.76,0.003,negative
66,1,69,129,73,215,300,0.005,positive
62,0,61,193,86,96,2.99,0.004,negative
70,1,61,145,68,61,286.9,0.004,positive
60,0,60,128,72,80,0.487,0.005,negative
78,1,62,157,66,106,3.77,0.024,positive
58,0,80,167,97,92,1.67,0.017,positive
58,1,73,160,95,91,1.98,0.051,positive
46,1,69,165,94,95,2.82,0.009,negative
58,0,81,146,84,195,0.998,0.014,negative
46,1,65,115,66,112,25.74,0.007,positive
63,1,66,101,50,94,0.596,0.171,positive
57,1,56,93,65,133,16.62,0.017,positive
51,0,70,140,90,150,1.81,0.013,negative
50,1,69,165,104,194,1.5,0.007,negative
45,1,68,154,95,102,7.32,0.004,positive
47,0,67,128,92,114,5.27,0.01,positive
75,0,66,150,95,115,2.96,0.28,positive
48,0,65,136,88,104,4.55,0.011,negative
25,1,64,153,93,110,3.09,0.097,positive
48,0,63,175,90,85,1.64,0.002,negative
52,1,62,180,100,233,2.94,3.39,positive
63,0,75,116,73,95,4.69,0.006,negative
60,1,77,154,76,462,2.14,1.33,positive
49,0,67,120,55,100,0.676,0.005,positive
60,1,68,42,64,106,0.879,0.426,negative
52,0,70,114,54,422,2.31,0.008,negative
55,1,70,116,54,100,2.99,0.009,negative
60,1,72,151,57,245,20.46,0.01,positive
65,0,71,149,64,168,25.36,0.013,positive
55,1,76,115,51,99,2.73,0.103,positive
45,1,72,136,46,187,1.42,0.004,negative
67,1,74,117,42,101,3.7,0.068,positive
45,1,75,144,78,189,2.42,0.006,negative
53,0,80,150,52,188,3.24,0.007,negative
67,0,84,118,68,98,1.46,0.007,negative
60,0,110,220,128,101,1.28,0.002,negative
63,1,120,140,90,100,98.48,0.031,positive
55,1,122,147,95,96,3.86,0.005,negative
63,1,119,170,107,129,2.61,0.005,negative
75,0,116,144,82,96,4,0.012,negative
63,0,114,152,91,200,3.35,0.008,negative
48,1,80,129,77,110,4.73,0.006,negative
70,0,79,150,85,146,4.29,0.061,positive
44,1,78,145,81,140,2.91,0.003,negative
25,1,77,175,98,109,2.7,0.003,negative
62,1,76,154,86,159,1.16,0.003,negative
50,1,75,142,75,122,6.27,0.004,negative
51,0,74,120,70,382,5.16,0.003,positive
56,1,73,123,74,217,3.85,0.005,negative
55,1,55,120,79,94,1.42,0.353,positive
60,1,53,102,61,303,14.07,0.816,positive
63,1,64,107,69,112,101.9,0.017,positive
45,1,65,117,72,98,3,0.004,negative
54,0,69,103,74,154,1.77,0.004,negative
63,1,61,107,70,102,134.7,0.007,positive
36,1,55,101,72,115,2.78,0.016,positive
26,1,54,104,62,88,14.21,0.004,positive
41,1,54,87,54,221,0.722,0.014,negative
65,0,62,101,64,89,2.27,0.598,positive
65,0,57,95,57,90,2.9,0.77,positive
59,1,60,86,50,104,2.35,0.019,positive
57,0,61,112,56,103,2.98,0.003,negative
53,1,62,123,66,186,2.49,0.048,positive
50,0,63,129,67,94,3.23,0.003,negative
72,1,64,112,62,112,2.04,0.025,positive
75,1,65,107,57,140,1.64,0.009,negative
75,1,66,115,62,218,1.9,0.03,positive
68,0,67,124,62,87,3.14,0.009,negative
66,1,68,109,59,127,16.55,0.034,positive
67,0,69,128,70,382,2.33,0.007,negative
76,0,74,148,65,152,10.78,0.012,positive
58,1,73,123,68,222,1.81,0.2,positive
62,1,69,111,70,68,13.97,0.292,positive
62,1,71,140,71,125,1.72,0.004,negative
44,1,71,143,71,104,1.19,0.07,positive
64,1,85,143,73,150,1.68,0.324,positive
52,1,78,139,76,175,2.03,0.006,negative
