60,1,92,136,69,92,1.82,0.008,negative
60,1,100,178,84,99,2.05,1.18,positive
53,0,94,126,65,105,2.38,0.003,negative
63,1,67,120,64,94,2.72,0.245,positive
63,1,60,137,78,177,7.64,0.013,positive
33,1,90,139,67,50,0.813,0.004,positive
50,1,71,117,61,94,5.86,0.011,negative
60,0,61,99,62,92,43.83,0.008,positive
61,1,59,91,55,103,2.94,0.011,negative
70,1,67,87,38,88,0.821,0.112,positive
49,1,57,101,59,203,2.7,0.006,negative
38,0,59,100,56,92,15.67,0.006,positive
39,1,94,105,81,93,4,0.004,negative
68,1,87,135,84,108,3.76,0.012,negative
41,1,81,121,83,130,1.24,0.003,negative
38,1,90,120,68,119,99.56,0.003,positive
63,1,88,104,62,77,2.12,5.05,positive
54,1,64,122,60,87,5.46,0.017,positive
50,1,79,118,55,431,2.73,0.004,negative
68,0,57,110,60,202,3.64,0.02,positive
53,1,60,113,52,141,7.19,0.012,positive
70,0,61,102,64,142,6.09,0.012,positive
36,0,94,157,79,92,3.24,0.005,negative
65,1,60,124,100,114,3.35,0.022,positive
50,0,77,100,68,166,1.63,0.003,negative
44,0,117,112,74,113,2.64,0.009,negative
63,1,89,87,53,81,0.961,0.015,positive
53,0,82,80,80,118,1.64,0.008,negative
68,0,87,80,50,77,1.22,0.006,negative
63,0,82,84,54,126,1.93,0.007,negative
50,1,64,83,60,100,3.36,0.01,negative
50,1,74,95,53,184,3.94,0.267,positive
58,1,61,96,48,91,2.2,0.188,positive
63,0,74,119,78,103,2.98,0.008,negative
70,1,61,119,75,97,8.23,0.016,positive
91,1,80,65,53,94,5.37,0.013,negative
60,1,83,126,76,246,2.9,0.019,positive
65,1,72,100,57,93,3.46,0.106,positive
42,1,82,120,80,111,1.41,0.003,negative
51,1,83,102,68,157,2.5,0.036,positive
65,1,70,118,72,222,2,0.179,positive
41,1,92,147,78,155,7.01,0.003,positive
75,0,89,145,68,96,2.09,0.518,positive
58,1,90,150,84,94,1.43,0.425,positive
42,1,88,152,87,113,2.31,0.003,negative
72,0,88,155,85,202,64.86,0.019,positive
60,1,83,153,91,104,0.51,0.01,negative
58,1,60,144,79,99,1.65,0.431,positive
62,1,70,175,92,107,0.958,2.73,positive
63,1,74,208,100,100,2.54,0.145,positive
60,1,75,160,70,154,4.02,0.331,positive
78,1,74,150,90,105,1.53,0.034,positive
53,0,64,154,97,82,2.25,0.017,positive
49,1,86,146,92,118,1.93,0.006,negative
70,0,80,130,85,230,0.921,0.401,positive
21,0,62,76,55,111,3.11,0.003,negative
50,0,61,90,57,100,1.43,0.003,negative
65,0,69,94,55,86,1.77,0.012,negative
55,1,62,91,50,114,31.2,0.288,positive
26,1,70,92,55,108,1.45,0.003,negative
66,1,68,91,61,111,2.22,0.015,positive
75,0,70,134,58,217,2.82,0.015,positive
45,1,77,130,79,116,23.97,0.003,positive
55,0,73,125,78,125,95.34,0.003,positive
55,0,89,141,93,95,7.97,0.032,positive
86,1,81,125,79,114,2.24,0.018,positive
60,0,83,104,57,87,104.3,0.005,positive
31,0,81,125,69,106,13.92,0.008,positive
34,0,80,109,67,225,3.76,0.009,negative
46,1,84,87,48,368,6.4,0.042,positive
75,0,80,108,79,168,2.6,0.014,negative
62,1,81,95,61,408,1.85,2.96,positive
33,1,82,138,93,100,1.77,0.025,positive
70,1,67,113,82,131,3.97,0.004,negative
53,1,66,112,74,302,1.69,0.095,positive
48,0,74,118,78,141,18.96,0.007,positive
70,1,60,104,60,500,5.23,0.095,positive
75,0,59,125,72,102,4.28,0.008,negative
56,0,61,117,78,99,25.97,0.006,positive
50,0,55,109,76,90,15.74,0.008,positive
56,1,65,129,75,145,3.98,0.015,positive
70,1,84,128,80,108,2.68,0.262,positive
60,1,112,115,69,87,5.43,0.013,negative
29,1,108,111,70,541,1.5,0.089,positive
60,1,134,111,69,163,3.08,0.025,positive
70,0,111,125,71,98,1.93,0.008,negative
50,1,101,102,63,114,12.3,0.005,positive
62,1,103,115,85,104,0.353,2.42,positive
41,1,108,100,71,105,3.86,0.005,negative
69,1,119,113,79,184,8.87,0.005,positive
63,1,113,131,63,66,6.13,0.013,negative
68,0,62,143,75,102,10.44,0.068,positive
63,0,51,130,70,77,3.2,0.006,negative
43,0,52,125,68,100,0.979,0.007,negative
61,1,52,157,75,76,5.83,0.026,positive
55,0,61,128,49,78,1.98,0.019,positive
65,1,68,130,70,274,12.41,0.012,positive
63,1,60,122,55,100,34.36,0.081,positive
56,1,58,145,62,188,3.04,0.007,negative
73,1,60,136,68,87,3.04,0.053,positive
74,0,57,142,77,182,21.04,0.013,positive
55,1,60,130,72,96,2.8,0.117,positive
65,0,70,150,75,114,0.961,0.008,negative
90,1,59,164,75,415,5.87,0.014,negative
65,0,59,183,77,119,2.65,0.068,positive
63,1,59,111,49,95,7.91,0.003,positive
59,1,59,127,56,208,5.34,0.412,positive
78,1,59,113,65,80,2.65,0.693,positive
54,0,59,93,64,141,11.32,0.372,positive
68,1,59,96,55,118,3.93,0.035,positive
59,1,59,100,61,170,2.51,0.385,positive
65,1,80,150,78,108,1.47,1.25,positive
78,1,97,137,76,200,0.942,0.554,positive
62,1,74,124,67,102,8.15,1.83,positive
58,0,69,121,65,140,4.39,0.076,positive
55,1,89,95,70,230,6.11,1.35,positive
78,1,77,116,64,104,2.24,0.021,positive
45,1,77,88,60,202,0.583,0.003,negative
29,1,90,129,90,135,8.93,0.003,positive
50,1,99,130,85,351,1.71,0.006,negative
68,0,85,125,85,114,17.61,0.007,positive
31,1,71,131,73,96,1.05,0.007,negative
53,1,78,157,78,147,3.28,0.023,positive
64,1,65,150,78,204,0.966,0.015,positive
64,1,97,137,76,149,3.52,0.929,positive
68,1,74,124,67,96,96.02,0.098,positive
65,1,69,121,65,443,0.345,0.005,negative
67,1,77,116,69,113,7.44,0.053,positive
60,1,60,132,88,98,0.607,0.013,negative
65,1,75,98,53,407,1.82,0.039,positive
65,1,67,108,76,319,2.38,0.094,positive
66,1,62,105,70,290,300,0.016,positive
