65,0,69,120,80,117,2.85,1.96,positive
63,1,94,150,100,144,2.92,0.007,negative
50,1,88,134,86,100,5.39,2.63,positive
49,0,76,151,97,99,4.66,0.003,negative
39,0,86,158,104,97,5.36,0.003,positive
61,1,80,142,93,220,2.97,0.04,positive
52,1,73,161,90,77,1.26,0.011,negative
28,0,79,166,103,215,4.8,0.003,negative
66,1,80,154,98,381,2.18,0.023,positive
78,1,68,176,106,122,0.755,0.492,positive
72,1,79,159,110,175,2.92,1.55,positive
52,1,96,132,80,221,4.76,0.017,positive
75,0,80,90,41,86,4.71,0.062,positive
28,0,79,95,52,200,4.8,0.004,negative
80,0,89,85,40,97,18.41,0.01,positive
70,1,90,105,52,85,2.55,0.005,negative
70,0,89,107,50,92,17.95,0.023,positive
74,0,90,198,48,102,38.94,0.052,positive
65,1,63,150,95,122,6.9,0.988,positive
48,1,90,170,95,90,2.33,0.053,positive
55,1,72,154,84,196,1.34,0.02,positive
56,1,79,139,89,177,0.745,0.003,negative
54,1,74,145,85,93,23.11,0.177,positive
63,1,82,135,80,106,12.22,0.003,positive
56,1,93,105,71,190,4.16,0.003,negative
45,1,90,110,65,83,2.42,0.096,positive
41,0,71,91,57,92,1.73,0.003,negative
80,1,82,91,56,267,1.78,3.28,positive
40,1,78,95,59,198,17.3,0.004,positive
80,1,76,90,60,256,3.48,0.019,positive
60,1,72,104,65,194,4.23,0.187,positive
60,0,60,106,73,134,2.82,0.009,negative
21,1,85,138,98,257,9.9,0.003,positive
58,0,69,214,88,95,185.1,0.011,positive
21,1,85,204,84,93,2.71,0.002,negative
44,0,65,200,80,261,207.5,0.004,positive
62,0,60,160,85,76,1.74,0.005,negative
60,1,66,160,83,234,1.22,0.203,positive
63,1,68,139,83,104,1.92,1.62,positive
60,1,79,142,75,139,1.72,5.31,positive
61,1,74,140,77,129,1.03,3.23,positive
65,1,70,142,75,108,165,0.058,positive
42,1,75,138,67,107,2.22,0.003,negative
65,1,65,137,75,87,1.6,0.085,positive
60,1,70,126,75,87,4.11,0.013,negative
45,1,84,107,55,235,1.61,0.044,positive
52,1,96,147,84,93,1.6,0.005,negative
59,1,88,119,66,404,2.85,0.008,negative
46,0,79,156,82,147,2.19,0.271,positive
35,1,78,149,77,92,1.51,0.007,negative
64,0,80,157,80,425,4.24,0.036,positive
30,1,74,127,76,131,266.3,0.009,positive
55,1,71,137,72,94,6.3,0.007,positive
50,1,73,135,79,238,1.87,0.005,negative
46,0,91,153,82,366,1.94,4.32,positive
50,1,89,162,99,100,1.83,0.005,negative
58,0,83,94,80,210,0.71,0.006,negative
63,1,60,117,68,226,300,0.025,positive
62,0,53,114,80,112,2.35,1.21,positive
71,0,54,123,81,117,2.84,0.008,negative
65,1,55,115,68,106,2.39,0.454,positive
63,1,56,121,60,98,7.52,1.18,positive
43,1,52,132,82,207,3.43,0.006,negative
65,1,132,125,74,196,1.42,0.004,negative
55,1,112,100,72,132,2.57,1.63,positive
65,0,125,92,60,136,1.49,0.012,negative
44,0,67,177,105,169,1.11,0.011,negative
55,0,77,176,89,95,0.606,2.48,positive
45,1,58,155,76,96,2.89,0.008,negative
72,1,67,157,73,117,1.6,0.01,negative
63,0,69,166,102,160,1.6,0.003,negative
63,1,66,179,86,122,94.79,0.004,positive
60,0,79,120,68,162,0.665,5.48,positive
60,1,90,104,62,88,50.46,0.004,positive
70,0,64,122,60,150,38.72,0.138,positive
45,1,88,118,55,80,2.11,0.452,positive
60,1,57,110,60,197,2.93,0.058,positive
75,1,60,113,52,98,1.61,0.005,negative
31,1,61,102,64,104,300,0.003,positive
64,0,63,104,87,227,0.493,0.011,negative
41,1,86,113,68,100,4.58,0.003,negative
58,0,80,107,67,166,6.48,9.11,positive
70,1,87,141,81,106,0.929,1.15,positive
62,0,90,113,72,92,1.37,0.98,positive
55,0,50,110,90,219,6.78,2.53,positive
75,1,75,134,85,88,4.24,0.017,positive
77,0,84,130,80,117,1.3,0.017,positive
73,1,80,115,62,161,0.609,0.014,negative
71,1,90,135,82,91,15.23,0.009,positive
70,0,91,147,65,86,1.54,0.02,positive
60,0,89,140,100,93,2.93,0.016,positive
73,0,92,150,80,211,16.95,0.007,positive
63,1,74,223,118,161,2.97,0.628,positive
72,1,67,176,95,94,4.22,0.101,positive
40,0,67,101,69,258,1.29,0.758,positive
40,1,81,138,93,342,4.8,0.003,negative
59,1,67,113,82,83,1.83,2.39,positive
37,1,66,119,74,107,1.33,0.003,negative
42,1,74,118,78,84,1.19,0.004,negative
28,1,60,104,60,94,2.11,0.003,negative
37,1,59,125,72,122,0.78,0.003,negative
41,0,82,107,57,135,1.03,0.003,negative
50,1,61,117,78,276,4.39,2.34,positive
55,1,55,109,76,216,19.47,0.697,positive
53,1,65,129,75,95,2.41,0.024,positive
51,1,67,130,80,100,3.18,0.006,negative
19,0,70,117,76,91,36.24,0.025,positive
59,0,62,76,55,130,2.21,0.145,positive
68,0,61,90,57,114,2.19,0.021,positive
70,0,69,94,55,88,5.33,0.019,positive
69,1,98,91,50,161,5.22,0.004,negative
45,0,79,92,55,140,2.16,0.005,negative
70,0,68,91,61,82,5.27,0.009,positive
55,1,60,145,67,175,1.96,0.853,positive
55,1,81,150,75,226,40.99,0.046,positive
65,1,90,136,68,131,96.08,0.015,positive
52,1,77,122,58,122,51.9,0.017,positive
50,1,73,128,63,124,40.6,0.992,positive
55,0,86,165,83,162,2.3,0.457,positive
42,1,94,98,46,123,1.3,0.006,negative
72,1,60,178,109,156,17.04,0.627,positive
56,1,61,67,80,91,2.09,0.004,negative
60,1,67,150,70,145,3.23,0.005,negative
22,0,63,170,104,143,1.97,0.006,negative
63,1,103,126,75,92,14.01,0.196,positive
52,1,100,119,66,127,11.73,0.018,positive
51,0,100,117,57,249,1.85,0.004,negative
40,1,90,122,70,185,2.8,0.003,negative
70,1,93,128,69,92,1.95,0.179,positive
63,1,102,124,71,123,8.37,0.018,positive
63,1,107,140,76,336,3.08,0.245,positive
49,0,100,107,64,84,3.05,0.012,negative
70,0,100,105,62,165,4.01,0.009,negative
