63,0,96,112,62,244,1.95,0.003,negative
47,0,89,123,73,324,1.97,0.007,negative
43,0,62,142,80,83,1.58,0.003,negative
31,0,64,130,70,263,142.6,0.003,positive
50,0,65,128,74,124,9.06,1.64,positive
53,1,51,118,50,60,1.78,0.007,negative
22,1,56,126,63,128,5.41,0.004,negative
42,1,84,125,55,150,1.68,0.003,negative
55,0,67,155,89,97,22.91,0.119,positive
50,1,85,168,104,126,6.25,0.643,positive
53,1,82,147,103,346,5.11,0.006,negative
52,0,89,130,80,181,1.95,0.02,positive
73,1,80,150,90,109,70.89,0.007,positive
55,1,70,146,95,163,1.93,1.76,positive
44,0,59,106,58,93,3.68,0.008,negative
65,1,68,140,70,200,7.55,0.011,positive
60,1,70,120,55,82,4.49,0.037,positive
56,1,70,113,55,105,0.726,0.003,negative
58,0,82,107,57,100,8.4,0.004,positive
72,0,82,138,82,195,1.79,0.008,negative
56,0,89,141,79,94,5.82,0.007,positive
65,1,76,151,78,100,8.38,0.015,positive
32,0,67,126,68,151,4.47,0.006,negative
32,0,77,88,60,100,7.29,0.006,positive
62,1,83,98,61,98,4.25,1.28,positive
50,1,104,128,79,111,6.25,0.653,positive
65,1,93,127,80,86,27.06,0.013,positive
47,1,91,110,77,107,12.39,2.47,positive
55,1,78,158,90,155,1.78,2.35,positive
60,1,70,125,85,85,11.24,0.024,positive
55,0,68,130,80,232,6.66,0.039,positive
35,1,61,125,80,100,7.66,0.003,positive
60,1,85,115,75,105,2.37,0.02,positive
60,1,60,179,83,347,1.25,0.043,positive
50,1,52,171,80,210,1.63,0.662,positive
70,1,49,170,80,151,5.73,0.025,positive
70,0,50,150,70,181,2.2,0.024,positive
51,1,52,150,75,85,3.49,0.003,negative
59,1,80,149,75,134,5.41,0.192,positive
61,1,46,116,59,122,3.42,0.013,negative
70,1,59,107,64,135,1.93,0.011,negative
66,1,61,113,65,96,1.25,0.017,positive
63,0,62,124,66,271,0.657,0.021,positive
71,0,67,111,65,113,2.13,0.014,negative
42,0,73,162,99,109,15.83,0.1,positive
72,0,83,123,67,283,2.12,0.026,positive
68,1,90,111,65,134,1.65,0.016,positive
37,1,64,109,60,148,0.604,0.006,negative
52,1,63,105,64,95,1.63,0.032,positive
68,1,72,113,64,87,0.676,0.018,positive
41,1,66,105,59,162,0.515,0.003,negative
60,0,64,113,64,293,1.63,2.87,positive
37,1,60,99,56,90,8.86,0.007,positive
32,1,59,100,53,87,10.33,0.154,positive
66,1,70,116,62,184,1.08,0.014,negative
60,0,78,169,80,117,1.18,2.81,positive
44,1,74,155,77,81,61.1,0.044,positive
60,1,70,137,64,109,4.36,0.004,negative
52,1,78,123,66,86,0.529,0.038,positive
60,1,98,144,66,98,1.54,0.025,positive
60,0,62,131,70,204,1.58,0.003,negative
42,1,64,121,58,96,1.35,0.013,negative
79,1,89,140,100,157,4.74,0.191,positive
55,0,64,121,58,103,13.98,0.866,positive
52,0,62,127,65,99,3.7,0.007,negative
50,1,57,138,75,294,4.61,0.003,negative
58,1,92,147,78,305,36.53,1.32,positive
60,0,89,145,68,93,1.96,0.011,negative
35,0,90,150,84,90,2.67,0.003,negative
82,0,88,152,87,99,1.21,0.004,negative
29,1,88,155,85,107,5.51,0.003,negative
42,1,83,153,91,98,5.46,0.003,negative
71,1,82,138,82,96,5.61,0.165,positive
55,1,90,95,50,338,3.04,1.3,positive
78,1,58,93,78,135,3.03,0.106,positive
45,0,80,117,83,143,2.49,0.003,negative
73,0,68,123,70,94,9.96,0.012,positive
20,1,78,109,69,294,3.1,0.008,negative
50,1,73,138,79,198,11.48,1.36,positive
47,1,72,117,49,116,24.2,0.003,positive
62,0,75,125,79,116,259.7,0.209,positive
50,1,65,106,49,126,1.59,0.006,negative
74,1,63,103,61,130,2.4,0.026,positive
50,1,63,98,57,111,2.55,0.006,negative
73,1,65,83,43,101,2.85,0.2,positive
56,1,70,103,59,136,56.39,0.042,positive
69,1,89,160,67,96,33.87,0.021,positive
52,1,86,113,68,282,12.2,0.005,positive
22,1,84,160,79,102,2.25,0.006,negative
73,0,82,130,72,79,1.4,0.007,negative
60,1,80,135,75,94,147.4,3.85,positive
73,0,98,160,82,159,1.75,0.006,negative
58,1,76,140,63,354,4.62,1.64,positive
70,1,74,156,74,140,1.77,0.122,positive
65,0,73,131,68,128,1.44,0.847,positive
47,0,82,103,58,89,1.66,0.004,negative
55,1,67,126,68,277,0.649,0.006,negative
54,1,89,126,64,153,8.32,0.009,positive
42,1,89,111,52,106,6.48,0.003,positive
48,1,87,101,45,164,4.06,0.523,positive
45,1,96,97,55,144,2.87,1.48,positive
60,1,89,91,51,115,2.56,0.099,positive
73,1,91,91,56,274,0.907,0.037,positive
61,0,85,106,63,114,4.1,0.013,negative
71,1,82,80,42,102,1.18,0.01,negative
45,1,63,153,66,144,1.13,1.47,positive
72,1,64,112,65,104,23.8,0.041,positive
60,0,70,120,60,82,1.21,0.036,positive
50,1,66,140,52,89,3.23,0.003,negative
60,1,70,129,59,82,2.84,0.003,negative
50,0,63,106,61,126,2.13,0.003,negative
48,0,69,103,68,115,8.34,0.003,positive
58,1,64,160,77,328,1.11,1.5,positive
58,1,69,148,72,169,3.21,1.29,positive
60,0,64,119,73,100,1.37,0.031,positive
34,0,112,170,104,151,2.56,0.003,negative
43,0,93,180,104,162,1.5,0.005,negative
45,1,92,167,105,117,58.29,0.003,positive
47,0,81,200,110,97,13.73,0.959,positive
70,1,80,125,75,150,5.02,0.016,positive
70,0,75,150,95,91,2.51,0.015,positive
51,1,80,127,82,130,5.16,0.13,positive
60,0,81,135,81,119,1.66,0.003,negative
64,0,103,157,83,223,0.676,0.049,positive
70,1,100,169,91,303,300,0.015,positive
70,1,103,170,90,104,0.937,0.007,negative
70,0,101,142,96,99,2.13,0.136,positive
43,1,75,157,87,74,4.2,0.004,negative
72,0,75,125,73,82,1.86,0.007,negative
34,1,81,124,75,168,33.48,0.003,positive
35,1,75,116,72,129,8.95,0.003,positive
