53,1,89,116,68,98,6.04,0.003,negative
50,0,66,160,83,98,5.75,0.142,positive
60,1,94,98,46,215,2.85,0.218,positive
64,0,64,160,77,97,1.52,0.051,positive
47,1,70,120,55,161,1.13,0.937,positive
81,0,64,112,65,97,4.96,0.007,positive
62,1,75,134,85,109,5.77,0.01,negative
27,0,61,112,58,112,2.25,0.003,negative
53,1,40,179,68,197,2.37,3.21,positive
65,1,60,214,82,189,1.21,0.067,positive
36,0,60,154,81,239,19.01,0.044,positive
60,1,61,160,95,294,2.68,0.005,negative
51,1,74,223,118,105,1.6,0.004,negative
57,1,60,166,90,231,2.2,0.003,negative
58,1,60,150,83,133,52.94,1.31,positive
47,1,60,199,99,123,1.16,0.817,positive
70,1,94,122,67,229,3.38,2.32,positive
74,1,76,120,70,111,1.24,1.17,positive
75,0,81,118,66,88,4.55,0.01,negative
76,1,73,114,68,144,297.5,0.024,positive
63,1,70,100,68,90,3.73,0.005,negative
43,0,72,107,86,67,2.26,0.003,negative
29,1,60,109,65,62,15.69,0.005,positive
60,0,92,151,78,106,7.73,0.039,positive
68,1,135,98,60,96,254.4,0.025,positive
47,1,76,109,85,98,1.95,0.004,negative
75,0,63,110,68,99,1.02,0.075,positive
39,1,63,104,63,154,2.49,0.003,negative
70,1,64,106,68,240,10.04,1.43,positive
78,0,61,136,70,111,1.09,0.082,positive
45,1,58,156,76,97,2.86,0.003,negative
55,1,60,166,82,97,1.37,0.008,negative
55,1,65,155,75,107,1.47,0.314,positive
36,0,93,120,71,100,4.15,0.004,negative
58,0,96,105,75,161,1.69,0.008,negative
60,1,94,91,52,202,3.83,0.008,negative
35,1,95,101,76,96,2.92,0.005,negative
70,0,96,105,70,94,6.71,0.023,positive
69,1,97,105,80,121,3.28,3.83,positive
51,1,91,121,82,185,2.02,0.023,positive
63,1,96,111,74,98,4.71,0.049,positive
65,1,87,115,78,119,17.32,1.39,positive
66,1,76,133,75,99,14.22,0.024,positive
44,1,77,153,76,98,3.69,1.44,positive
34,1,80,152,78,87,4.72,0.003,negative
48,0,82,125,61,125,3.47,0.003,negative
73,1,83,130,75,108,1.63,0.008,negative
83,1,81,130,65,87,1.62,0.028,positive
37,0,82,121,62,242,217.5,0.003,positive
48,1,78,127,61,98,4.61,0.006,negative
42,1,20,110,90,108,4.93,0.01,negative
60,0,90,125,73,174,3.14,0.006,negative
55,0,59,110,65,208,2.53,0.024,positive
47,1,57,140,52,87,12.26,0.008,positive
56,1,76,150,81,262,3.95,0.05,positive
75,0,61,130,74,92,3.61,0.009,negative
60,1,98,110,76,99,3.17,0.025,positive
60,0,58,120,69,115,8.8,0.021,positive
60,0,83,150,94,246.7,1.03,0.003,negative
70,0,1111,141,95,138,3.87,0.028,positive
68,1,102,130,83,271,2.63,2.57,positive
70,1,103,120,83,85,2.05,1.33,positive
49,1,105,128,80,216,11.64,0.851,positive
52,1,61,121,60,99,0.799,0.076,positive
53,0,96,147,84,91,1.29,0.02,positive
36,0,59,137,81,99,4.15,0.003,negative
52,1,78,115,65,109,8.12,0.005,positive
36,1,63,123,82,110,1.57,2.12,positive
40,1,91,120,80,101,2.74,0.005,negative
56,1,60,125,88,95,2.12,0.037,positive
60,1,58,130,80,93,0.925,0.026,positive
53,1,66,94,63,202,2.84,0.003,negative
49,1,94,95,65,157,3.11,1.6,positive
73,1,64,101,68,138,1.47,0.298,positive
60,1,70,117,61,146,300,0.007,positive
46,1,64,110,58,104,2.35,0.91,positive
45,1,61,124,62,391,1.7,0.006,negative
65,1,80,118,64,120,4.68,0.114,positive
54,1,65,112,58,184,1.04,0.004,negative
63,0,93,119,63,96,1.65,0.023,positive
59,1,63,110,59,221,4.03,0.03,positive
60,0,60,140,80,140,1.69,0.02,positive
60,0,72,138,86,124,15.88,0.043,positive
29,1,76,157,93,228,300,0.003,positive
63,0,74,140,85,94,4.8,0.011,negative
49,1,85,119,76,35,5.68,0.05,positive
70,1,60,202,88,94,1.07,0.407,positive
44,1,60,175,88,99,1.59,0.003,negative
68,0,60,124,58,180,1.08,0.003,negative
24,0,60,144,54,136,4.6,0.003,negative
38,1,60,130,56,197,6.01,0.003,negative
62,1,60,138,58,252,3.4,0.013,negative
80,0,60,129,55,166,3.35,0.01,negative
34,1,60,97,44,75,5.15,0.023,positive
49,1,62,114,69,155,1.3,0.999,positive
49,1,75,116,71,98,37.69,10,positive
81,1,73,115,72,166,3.48,0.087,positive
55,1,63,104,87,98,3.65,0.008,negative
48,1,62,114,69,234,1.11,0.485,positive
39,0,75,116,71,120,1.59,0.003,negative
66,1,73,115,72,224,3.48,0.009,negative
73,1,71,119,76,228,2.14,0.069,positive
69,0,73,135,81,69,4.95,0.007,negative
55,0,68,116,74,143,1.34,0.094,positive
45,1,70,113,62,154,72.6,1.85,positive
70,1,87,148,89,142,32.77,2.06,positive
60,1,85,140,82,117,0.796,0.008,negative
70,1,83,140,81,110,1.52,0.701,positive
58,1,82,164,90,162,0.704,0.003,negative
42,1,81,150,51,101,1.41,0.003,negative
58,1,60,156,60,82,1.18,0.004,negative
49,1,67,192,56,134,2.34,0.029,positive
70,1,56,171,56,185,63.13,0.706,positive
76,0,89,111,57,272,7.48,0.019,positive
50,0,88,110,70,109,3.85,0.003,negative
70,1,89,100,50,314,0.88,0.406,positive
40,1,78,101,54,108,31.4,0.005,positive
85,1,80,129,89,81,1.39,0.014,negative
45,1,73,108,61,90,1.01,2.63,positive
67,1,71,112,68,98,2.93,0.008,negative
75,0,74,111,71,247,1.62,0.188,positive
64,1,82,138,93,77,8.08,0.021,positive
50,1,57,101,59,253,0.457,0.005,negative
78,0,89,214,88,434,7.26,0.009,positive
73,1,59,100,56,92,4.36,0.01,negative
86,1,94,105,81,87,177.9,0.032,positive
41,1,87,135,84,80,42.15,0.03,positive
75,0,81,121,83,186,79.41,0.179,positive
55,0,90,120,68,217,1.82,0.02,positive
38,0,88,104,62,276,1.93,0.077,positive
52,1,64,122,60,217,4.45,0.003,negative
74,1,79,118,55,147,2.34,0.014,negative
28,1,57,110,60,101,0.92,0.003,negative
