48,1,60,113,52,100,43.06,0.003,positive
40,1,61,102,64,92,4.14,0.003,negative
56,0,94,157,79,108,3.96,0.005,negative
88,1,60,124,100,150,251.4,0.012,positive
70,1,77,100,68,124,3.61,1.58,positive
49,1,117,112,74,150,0.982,5.87,positive
75,1,89,87,53,139,9.05,0.109,positive
56,0,82,80,80,77,6.38,0.006,positive
79,1,87,80,50,149,2.79,0.61,positive
47,0,82,84,54,134,89.61,0.003,positive
53,0,64,83,60,152,17.63,0.007,positive
41,1,74,95,53,145,5.1,0.016,positive
49,1,61,96,48,93,0.674,0.006,negative
70,0,74,119,78,64,2.09,0.099,positive
59,1,61,119,75,123,1.72,0.006,negative
40,1,80,65,53,139,190.7,0.003,positive
70,1,83,126,76,103,0.529,1.01,positive
65,0,72,100,57,96,144.9,0.034,positive
50,1,82,120,80,202,201.7,2.63,positive
70,1,83,102,68,90,2.28,0.863,positive
67,1,70,118,72,302,1.43,0.722,positive
71,1,70,134,58,107,2.59,0.006,negative
38,1,77,130,79,104,1.41,0.003,negative
50,0,73,125,78,336,6.36,0.005,positive
71,0,89,141,93,90,1.16,0.012,negative
60,0,81,125,79,123,25.1,0.009,positive
60,1,83,104,57,134,2.25,0.003,negative
37,1,84,126,75,92,1.66,0.325,positive
72,0,81,125,69,155,6.3,0.012,positive
58,1,80,109,67,150,6.19,0.014,negative
70,1,112,170,104,111,1.2,1.38,positive
70,0,84,87,48,100,89.22,0.023,positive
24,1,80,108,79,169,1.76,0.003,negative
57,1,81,95,61,93,1.17,0.016,positive
57,1,82,138,93,297,6.75,0.02,positive
47,0,67,113,82,143,3.3,0.003,negative
50,1,66,112,74,146,10.11,1.4,positive
70,1,74,118,78,165,3.15,0.649,positive
70,1,59,164,75,99,1.41,0.017,positive
41,1,60,104,60,104,9.82,0.003,positive
72,0,59,125,72,121,1.33,0.005,negative
83,1,61,117,78,122,1.62,0.01,negative
76,0,55,109,76,65,1.06,0.357,positive
41,1,65,129,75,100,63.08,0.003,positive
76,1,84,128,80,105,9.09,2.43,positive
50,1,132,125,74,133,3.18,0.354,positive
63,1,55,109,76,217,2.19,0.018,positive
64,1,65,129,75,406,1.16,0.008,negative
39,1,84,128,80,206,1.48,0.006,negative
30,1,112,115,69,109,1.52,0.011,negative
77,0,108,111,70,277,3.17,0.021,positive
63,1,134,111,69,132,44.18,0.065,positive
60,0,111,125,71,151,3.53,0.003,negative
56,0,101,102,63,211,4.26,0.208,positive
41,0,103,115,85,171,1.64,0.015,positive
43,1,108,100,71,259,4.21,0.005,negative
54,0,82,103,58,136,5.46,0.452,positive
69,1,119,113,79,102,19.98,0.129,positive
60,1,113,131,63,117,1.1,0.141,positive
29,1,62,143,75,95,5.49,0.003,negative
65,1,61,96,48,94,0.856,0.402,positive
57,1,51,130,70,92,4.25,0.008,negative
50,0,52,125,68,263,3.39,0.003,negative
41,1,58,93,48,122,3.59,0.048,positive
65,1,67,177,105,120,3.68,0.011,negative
85,1,89,107,50,83,1.53,0.058,positive
58,0,90,198,48,206,2.73,0.003,negative
75,0,63,150,95,155,1.5,0.014,negative
70,1,90,170,95,87,1.12,0.912,positive
54,1,72,154,84,127,2.97,0.007,negative
63,0,79,139,89,274,1.22,0.012,negative
44,1,74,145,85,115,2.11,0.193,positive
60,1,82,135,80,100,2.59,2.99,positive
49,1,93,105,71,93,3.33,0.041,positive
77,0,90,110,65,137,3.12,0.043,positive
70,1,71,91,57,223,0.858,0.024,positive
75,0,82,91,56,97,3.59,0.007,negative
60,0,78,95,59,100,21.51,0.006,positive
33,0,76,90,60,180,1.5,0.003,negative
60,0,72,104,65,181,66.32,0.045,positive
50,1,93,105,71,174,3.95,1.1,positive
70,0,96,147,84,160,1.49,0.031,positive
65,1,88,119,66,129,3.04,0.014,negative
48,0,64,140,90,168,3.53,0.026,positive
47,1,79,156,82,206,6.13,0.004,negative
48,1,72,150,95,121,0.516,0.009,negative
60,1,94,122,67,115,2.1,2.2,positive
48,1,60,132,88,247,107.3,0.104,positive
48,1,90,111,65,117,1.13,0.003,negative
60,1,64,109,60,265,25.63,0.096,positive
54,1,63,105,64,121,11.94,0.005,positive
60,1,72,113,64,161,2.93,0.014,negative
56,1,76,150,100,103,2.36,0.019,positive
60,0,65,129,75,132,28.41,0.054,positive
60,0,67,130,80,216,5.85,0.03,positive
35,1,70,117,76,111,2.16,0.003,negative
25,0,62,76,55,104,1.12,0.003,negative
71,1,59,107,64,97,1.97,1.45,positive
65,1,77,122,58,106,1.57,0.484,positive
57,0,74,155,77,99,1.3,0.74,positive
56,0,73,128,63,250,2.12,0.009,negative
53,0,86,165,83,99,1.41,0.011,negative
54,0,65,191,110,140,2.59,0.54,positive
66,1,83,153,91,98,1.8,0.022,positive
68,0,84,160,79,171,2.83,0.83,positive
100,1,60,209,75,329,5.66,0.84,positive
23,1,82,138,82,89,1.46,0.005,negative
60,1,68,116,74,85,1.73,1.75,positive
14,0,89,111,57,133,2.62,0.012,negative
57,0,61,67,80,204,33.09,0.003,positive
71,0,67,150,70,131,4.73,0.027,positive
70,1,63,170,104,144,2.41,0.016,positive
51,1,103,126,75,188,1.6,0.011,negative
46,1,100,119,66,114,4.07,0.009,negative
60,1,100,117,57,111,1.9,0.006,negative
49,1,61,119,75,133,2.2,0.88,positive
47,1,70,149,79,82,3.33,0.94,positive
48,1,73,138,79,100,1.29,0.005,negative
85,0,72,117,49,272,81.65,0.015,positive
45,1,64,120,68,97,1.01,0.116,positive
74,1,51,143,75,96,2.05,0.015,positive
51,1,92,147,78,88,4.08,0.22,positive
55,1,81,150,51,138,17.22,2.8,positive
55,1,74,134,58,319,2.6,0.76,positive
54,1,70,117,76,285,1.82,0.005,negative
64,1,61,90,57,79,1.82,0.008,negative
68,0,69,94,55,93,3.08,0.007,negative
27,1,98,91,50,147,1.2,0.005,negative
47,1,79,92,55,192,1.93,0.013,negative
28,1,68,91,61,239,208.6,0.003,positive
41,1,60,145,67,120,3.41,0.003,negative
62,1,81,150,75,130,3.5,0.024,positive
