69,1,90,136,68,187,1.87,0.405,positive
73,0,90,95,50,98,300,0.015,positive
67,1,58,93,78,108,3.13,0.009,negative
51,1,57,208,40,247,11.07,0.23,positive
66,0,80,117,83,132,6.61,0.003,positive
65,0,68,123,70,201,2.22,0.003,negative
60,1,78,109,69,93,4.6,0.019,positive
74,0,117,100,68,203,1.36,3.85,positive
66,0,80,135,75,331,1.21,0.006,negative
71,1,112,115,69,134,1.06,0.023,positive
58,1,72,130,80,117,4.4,0.009,negative
53,1,98,160,82,103,0.722,0.224,positive
70,0,80,90,41,85,1.29,6.01,positive
44,1,85,129,90,192,1.47,0.049,positive
70,1,76,140,63,87,4.78,0.018,positive
69,1,74,156,74,135,1.59,0.299,positive
53,1,73,131,68,100,0.785,0.609,positive
60,0,82,103,58,102,1.74,0.006,negative
50,0,67,126,68,100,15.32,0.004,positive
55,1,89,126,64,92,3.78,0.02,positive
43,0,89,111,52,97,1.69,0.005,negative
33,1,87,101,45,319,1.32,0.006,negative
46,1,96,97,55,134,13.7,0.068,positive
46,0,89,91,51,87,111,0.004,positive
74,1,91,91,56,96,1.01,0.032,positive
45,1,85,106,63,274,3.24,0.013,negative
68,1,82,80,42,89,1.2,0.011,negative
34,1,63,153,66,301,3.85,0.004,negative
67,1,64,112,65,100,1.83,0.011,negative
37,1,70,120,60,227,1.95,0.003,negative
74,1,62,131,70,107,1.18,0.023,positive
37,1,66,140,52,269,10.18,0.003,positive
45,1,62,142,80,111,1.32,0.007,negative
40,1,64,160,77,101,6.63,0.003,positive
61,1,69,148,72,95,1.48,0.003,negative
52,1,84,128,80,279,2.39,0.031,positive
39,1,103,126,75,166,1.79,0.79,positive
47,0,85,138,98,321,1.88,0.88,positive
62,0,70,129,59,98,3.23,0.007,negative
35,1,63,106,61,105,4.79,0.003,negative
75,1,69,103,68,136,1.81,0.016,positive
52,1,64,119,73,82,60.68,0.01,positive
70,1,112,170,104,117,3.95,0.012,negative
65,1,62,76,55,107,1.68,0.024,positive
82,0,93,180,104,120,1.76,0.325,positive
50,0,92,167,105,136,0.898,0.016,positive
63,1,81,200,110,208,2.5,0.009,negative
53,0,80,125,75,125,4.76,0.003,negative
43,0,75,150,95,103,81.84,0.005,positive
60,1,80,127,82,100,247.8,0.007,positive
36,1,81,135,81,93,3.07,0.006,negative
46,0,80,129,89,99,2.38,0.71,positive
63,1,101,142,96,228,2.47,0.011,negative
47,0,75,157,87,238,4.84,0.003,negative
71,0,82,164,90,96,3.72,0.02,positive
55,1,83,94,80,133,2.43,1.47,positive
63,1,103,170,90,136,2.73,0.026,positive
65,1,62,76,55,113,1.67,0.023,positive
21,1,97,150,78,98,10.75,0.602,positive
60,0,75,125,73,91,5.01,0.003,positive
50,0,81,124,75,114,0.321,0.003,negative
43,1,75,116,72,96,2.13,0.004,negative
62,1,89,116,68,149,3.63,0.152,positive
66,1,66,160,83,103,71.77,0.015,positive
52,1,60,117,68,110,1.04,0.81,positive
57,1,95,129,77,251,4.34,10.3,positive
55,1,94,98,46,87,1.93,0.01,negative
43,0,64,160,77,191,1.15,0.011,negative
55,1,70,120,55,334,2.49,0.008,negative
72,0,64,112,65,109,1.32,0.076,positive
75,0,75,134,85,201,1.24,0.007,negative
48,1,61,112,58,101,31.85,0.012,positive
32,1,40,179,68,167,9.63,0.004,positive
63,0,60,214,82,85,1.21,0.003,negative
86,1,60,154,81,112,300,1.79,positive
40,0,61,160,95,123,11.87,0.03,positive
29,0,74,223,118,86,4.93,0.003,positive
50,1,67,101,69,177,4.67,0.016,positive
42,1,60,166,90,90,3.4,0.014,negative
50,1,60,150,83,125,2.67,0.003,negative
68,1,60,199,99,115,2.67,10,positive
72,0,94,122,67,392,1.09,0.016,positive
68,1,76,120,70,147,1.87,0.036,positive
60,1,81,118,66,87,3.96,0.029,positive
40,1,73,114,68,90,1.4,0.022,positive
27,1,94,157,79,141,6.25,0.003,positive
55,0,72,107,86,147,3.46,0.003,negative
35,1,60,109,65,222,3.27,0.003,negative
75,0,92,151,78,174,3.87,0.028,positive
65,1,135,98,60,162,7.67,0.025,positive
37,0,76,109,85,219,2.55,0.003,negative
33,0,63,110,68,189,2.52,0.005,negative
61,1,63,104,63,193,4.87,0.046,positive
63,1,64,106,68,85,2.39,0.012,negative
70,0,61,136,70,87,2.94,0.037,positive
65,1,58,156,76,111,1.79,0.003,negative
27,1,60,166,82,181,1.09,0.003,negative
42,0,65,155,75,387,1.08,0.004,negative
61,0,93,120,71,121,79.62,0.007,positive
28,0,96,105,75,294,1.45,0.003,negative
77,0,94,91,52,116,1.42,0.026,positive
65,1,36,106,58,88,1.25,0.088,positive
40,1,95,101,76,167,3.57,0.029,positive
64,1,67,120,60,240,5.22,0.009,negative
48,1,92,147,78,132,32.53,0.003,positive
68,1,89,145,68,134,0.706,10,positive
61,1,90,150,84,159,3.75,1.43,positive
67,0,88,152,87,115,2.02,0.005,negative
63,1,88,155,85,81,1.35,0.032,positive
54,1,83,153,91,266,1.86,0.012,negative
73,1,60,144,79,142,4.19,0.014,negative
87,1,70,175,92,101,2.24,0.041,positive
50,1,74,208,100,244,3.2,0.008,negative
72,0,75,160,70,130,8.54,0.015,positive
55,1,74,150,90,117,7.61,0.104,positive
33,1,64,154,97,103,2.63,0.005,negative
103,0,86,146,92,120,69.32,0.059,positive
60,1,80,130,85,182,2.09,0.407,positive
35,1,62,76,55,94,1.93,0.003,negative
70,0,61,90,57,83,1.33,0.009,negative
40,1,69,94,55,147,2.85,0.023,positive
29,1,62,91,50,241,2.65,0.003,negative
60,0,70,92,55,318,2.33,0.004,negative
30,0,68,91,61,93,3.93,0.003,negative
55,0,96,105,70,66,300,0.003,positive
68,1,97,105,80,91,1.16,10,positive
65,0,91,121,82,156,1.67,0.06,positive
79,1,96,111,74,123,4.41,0.553,positive
66,0,87,115,78,103,3.78,0.074,positive
65,1,76,133,75,125,4.57,0.549,positive
74,1,77,153,76,166,2.05,0.012,negative
50,1,80,152,78,89,1.1,0.004,negative
