77,0,82,125,61,115,2.14,0.039,positive
74,1,83,130,75,108,11.45,0.795,positive
31,1,81,130,65,322,7.3,0.005,positive
37,1,82,121,62,187,4.84,0.004,negative
67,0,78,127,61,105,6.57,0.327,positive
63,0,20,110,90,122,0.68,1.51,positive
82,0,90,125,73,89,2.04,0.147,positive
41,1,59,110,65,182,7.03,2.29,positive
66,0,57,140,52,116,1.13,0.007,negative
67,1,76,150,81,94,4.61,2.5,positive
65,1,61,130,74,109,19.63,0.017,positive
54,1,98,110,76,362,2.27,0.036,positive
52,0,58,120,69,97,5.17,0.083,positive
48,1,83,150,94,98,2.04,0.01,negative
32,0,1111,141,95,82,2.66,0.008,negative
51,1,102,130,83,110,8.66,0.006,positive
75,1,103,120,83,105,1.08,0.017,positive
32,1,105,128,80,180,5.75,0.007,negative
87,1,61,121,60,116,61.2,0.017,positive
41,1,96,147,84,92,2.53,0.013,negative
80,0,59,137,81,93,2.41,0.013,negative
65,0,78,115,65,116,2.11,0.011,negative
35,1,63,123,82,94,1.21,0.081,positive
55,1,91,120,80,87,14.97,0.086,positive
38,0,60,125,88,90,1.04,0.003,negative
47,1,58,130,80,127,3.87,0.003,negative
35,1,66,94,63,109,3.71,0.003,negative
43,1,94,95,65,147,4.13,0.02,positive
39,1,64,101,68,131,5.17,1.15,positive
65,1,70,117,61,84,1.58,0.397,positive
60,1,64,110,58,132,1.66,0.041,positive
48,0,61,124,62,227,2.49,0.004,negative
57,0,80,118,64,95,0.863,0.006,negative
68,1,65,112,58,134,7.47,0.022,positive
27,0,93,119,63,137,6.74,0.003,positive
75,0,63,110,59,111,1.8,0.043,positive
52,0,60,140,80,111,1.75,0.998,positive
70,0,72,138,86,81,1.04,1.26,positive
29,1,76,157,93,242,4.79,0.004,negative
65,1,74,140,85,106,4.35,10,positive
50,0,85,119,76,130,16.1,0.009,positive
30,1,60,202,88,197,12.89,0.003,positive
57,0,60,175,88,152,3,0.004,negative
54,1,60,124,58,169,2.99,0.023,positive
43,0,60,144,54,109,10.26,0.016,positive
65,0,60,130,56,347,2.8,0.004,negative
77,0,60,138,58,104,3.29,0.035,positive
65,1,60,129,55,117,1.9,0.078,positive
55,0,60,97,44,98,2.55,0.01,negative
65,0,62,114,69,103,18.43,0.008,positive
40,0,75,116,71,102,1.39,0.003,negative
68,1,73,115,72,99,2.05,0.009,negative
63,1,63,104,87,81,8.47,0.006,positive
70,1,62,114,69,165,8.49,0.011,positive
50,1,75,116,71,126,2.24,0.053,positive
63,1,73,115,72,191,24.64,0.022,positive
56,0,71,119,76,321,43.51,0.003,positive
60,1,73,135,81,133,46.1,0.003,positive
63,1,68,116,74,109,88.28,0.024,positive
45,1,70,113,62,215,0.569,0.007,negative
64,1,74,148,65,96,2.24,1.5,positive
63,1,61,122,66,61,2.49,0.029,positive
70,1,87,148,89,80,7.06,0.003,positive
40,0,85,140,82,106,2.33,0.003,negative
67,1,85,115,75,92,33.95,0.026,positive
64,1,83,140,81,91,1.63,0.023,positive
63,1,82,164,90,95,2.6,0.507,positive
63,1,81,150,51,195,5.57,0.005,negative
44,1,60,156,60,112,3.63,0.006,negative
44,0,67,192,56,94,0.718,0.003,negative
55,0,75,144,78,133,1.79,0.011,negative
103,0,56,171,56,150,51.96,0.044,positive
60,0,89,111,57,194,2.17,0.348,positive
26,0,88,110,70,102,3.21,0.006,negative
75,1,89,100,50,114,0.681,0.088,positive
57,1,78,101,54,115,0.826,0.014,negative
57,1,70,144,79,104,0.89,5.4,positive
43,1,90,124,100,110,9.71,0.006,positive
65,0,80,129,89,85,2.79,0.004,negative
70,1,76,136,82,233,2.56,2.16,positive
78,0,73,108,61,95,10.42,0.011,positive
63,1,71,112,68,462,2.54,0.013,negative
38,1,74,111,71,100,1,0.008,negative
51,1,82,138,93,106,1.65,0.019,positive
60,0,57,101,59,422,1.65,0.005,negative
40,1,89,214,88,100,6.03,0.003,negative
66,1,59,100,56,245,2.12,0.003,negative
63,1,94,105,81,168,1.58,0.005,negative
74,1,87,135,84,99,1.17,0.043,positive
76,0,81,121,83,187,2.14,3.77,positive
79,0,90,120,68,101,1.5,0.006,negative
53,1,88,104,62,189,1.51,0.003,negative
63,1,64,122,60,188,2.19,0.046,positive
48,1,79,118,55,98,2.19,0.048,positive
56,1,57,110,60,101,4.05,0.017,positive
53,1,60,113,52,100,2.68,0.015,positive
85,0,61,102,64,96,99.62,0.01,positive
60,0,94,157,79,129,0.728,0.009,negative
70,0,73,85,44,96,2.02,5.11,positive
71,0,60,124,100,200,1.18,0.014,negative
63,1,77,100,68,110,2.79,0.003,negative
64,0,117,112,74,146,2.88,0.088,positive
41,1,89,87,53,140,2.14,0.003,negative
52,0,71,143,71,109,5.65,0.93,positive
68,0,82,80,80,159,1.06,0.08,positive
48,0,78,132,85,122,4.17,0.003,negative
25,1,87,80,50,382,1.95,0.003,negative
60,1,100,170,103,217,3.32,0.012,negative
73,0,82,84,54,94,1.57,0.011,negative
52,1,61,167,80,303,25.36,0.013,positive
61,1,64,83,60,112,0.684,0.01,negative
56,1,74,95,53,98,1.72,0.043,positive
55,0,61,96,48,154,3.43,0.7,positive
33,0,74,119,78,102,2.57,0.003,negative
53,1,61,119,75,115,6.67,0.028,positive
43,1,80,65,53,88,2.54,0.007,negative
38,1,83,126,76,221,1.11,0.008,negative
30,1,72,100,57,89,19.26,0.026,positive
50,1,82,120,80,90,31.06,0.026,positive
37,0,83,102,68,104,1.35,0.007,negative
60,0,70,118,72,103,39.63,0.041,positive
45,1,70,134,58,186,2.87,0.007,negative
60,0,77,130,79,94,2.86,0.008,negative
66,1,73,125,78,112,2.87,0.028,positive
40,1,89,141,93,140,2.86,0.006,negative
36,1,81,125,79,218,78.89,0.128,positive
90,0,125,121,60,87,6.15,1.81,positive
70,0,83,104,57,127,1.32,1.94,positive
65,1,84,126,75,382,1.01,0.018,positive
34,0,81,125,69,152,2.07,0.013,negative
38,0,80,109,67,222,2.65,0.007,negative
29,1,112,170,104,68,1.33,0.006,negative
