73,0,81,150,75,125,1.44,0.014,negative
29,1,84,87,48,104,1.58,0.003,negative
75,0,80,108,79,150,1.69,0.017,positive
70,0,45,130,58,175,2.84,0.053,positive
62,0,82,138,93,92,2.53,0.019,positive
60,1,67,113,82,99,1.65,0.057,positive
68,1,66,112,74,105,3.65,0.119,positive
51,1,74,118,78,94,1.32,0.005,negative
39,1,59,164,75,177,3.29,0.003,negative
54,0,60,104,60,50,8.14,0.006,positive
31,1,59,125,72,94,2.85,0.007,negative
61,1,61,117,78,92,42.5,0.043,positive
70,1,55,109,76,103,25.56,0.028,positive
84,0,65,129,75,88,31.22,0.013,positive
59,1,84,128,80,203,5.08,0.025,positive
31,1,132,125,74,92,8.69,0.003,positive
65,1,77,76,154,93,3.81,0.029,positive
58,1,75,116,73,108,27.31,0.049,positive
55,1,55,109,76,130,9.51,0.635,positive
59,1,85,140,82,119,8.21,0.98,positive
50,0,82,108,61,77,1.19,0.916,positive
58,0,65,129,75,87,5.58,0.014,positive
59,1,87,148,89,431,300,1.23,positive
58,0,84,128,80,202,3.18,0.011,negative
70,0,112,115,69,141,2.9,0.06,positive
45,1,108,111,70,142,4.64,0.012,negative
76,1,134,111,69,92,2.37,0.031,positive
66,1,111,125,71,114,0.746,0.016,positive
63,1,101,102,63,166,300,0.022,positive
45,1,103,115,85,113,2.74,0.066,positive
73,0,108,100,71,81,11.4,0.02,positive
38,1,82,103,58,118,1.67,0.004,negative
62,1,119,113,79,77,1.79,0.003,negative
65,1,113,131,63,126,25.04,0.067,positive
52,1,62,143,75,100,6.41,0.055,positive
69,1,61,96,48,184,1.74,0.013,negative
57,1,51,130,70,91,0.483,0.279,positive
78,0,52,125,68,103,33.7,3.34,positive
46,0,58,93,48,97,10.33,0.923,positive
40,1,67,177,105,94,0.973,1.25,positive
54,1,89,107,50,246,3.15,0.003,negative
63,1,90,198,48,93,5.02,0.023,positive
75,1,63,150,95,111,1.89,0.092,positive
61,1,90,170,95,157,4.67,0.057,positive
80,1,72,154,84,222,4.32,0.017,positive
62,1,79,139,89,155,6.47,0.065,positive
49,1,74,145,85,96,1.33,0.004,negative
54,0,82,135,80,94,4.39,0.01,negative
47,1,93,105,71,113,1.73,0.434,positive
52,1,90,110,65,202,1.83,0.009,negative
70,1,71,91,57,104,1.31,0.014,negative
68,0,82,91,56,99,1.53,0.295,positive
37,1,78,95,59,107,39.34,0.022,positive
48,1,76,90,60,100,27.57,0.012,positive
70,0,72,104,65,154,1.67,1.63,positive
27,1,93,105,71,105,2.73,0.461,positive
23,1,96,147,84,82,12.57,0.005,positive
37,1,88,119,66,118,5.78,0.006,negative
60,1,64,140,90,230,1.25,0.009,negative
45,0,79,156,82,111,1.73,0.006,negative
48,1,72,150,95,100,14.72,0.014,positive
50,0,94,122,67,86,7.05,0.003,positive
72,1,60,132,88,114,261,0.037,positive
65,0,90,111,65,108,1.67,0.01,negative
60,1,64,109,60,111,50.89,0.006,positive
70,0,63,105,64,217,1.8,10,positive
65,1,72,113,64,116,6.75,0.01,positive
46,1,76,150,100,125,1.99,0.005,negative
55,0,65,129,75,95,13.87,0.004,positive
60,0,67,130,80,114,1.08,0.008,negative
49,1,70,117,76,87,1.83,0.051,positive
33,1,62,76,55,106,0.71,0.007,negative
68,0,59,107,64,225,300,0.016,positive
67,1,77,122,58,368,2.35,0.008,negative
79,1,74,155,77,168,2.84,0.023,positive
44,1,73,128,63,408,2.39,0.005,negative
28,0,86,165,83,100,2.39,0.004,negative
60,1,65,191,110,131,3.43,0.018,positive
41,1,83,153,91,302,1.42,0.005,negative
66,1,84,160,79,141,2.57,0.01,negative
60,0,60,209,75,500,1.49,0.019,positive
50,1,82,138,82,102,1.11,1.4,positive
19,1,68,116,74,99,0.606,0.003,negative
29,1,89,111,57,90,2.89,0.004,negative
39,0,61,67,80,145,1.6,0.005,negative
51,1,67,150,70,108,1.6,0.018,positive
60,1,63,170,104,87,94.79,0.015,positive
70,1,103,126,75,541,0.665,0.014,negative
42,0,100,119,66,163,50.46,0.003,positive
54,1,100,117,57,98,38.72,0.007,positive
70,0,61,119,75,114,2.11,0.022,positive
49,1,70,149,79,104,2.93,0.023,positive
55,0,73,138,79,105,1.61,0.009,negative
31,1,72,117,49,184,300,0.005,positive
56,1,64,120,68,66,0.493,0.015,positive
67,0,51,143,75,102,1.31,0.03,positive
36,1,92,147,78,77,4.58,0.004,negative
29,1,81,150,51,100,6.48,0.003,positive
50,0,120,220,128,76,0.929,0.072,positive
35,1,74,134,58,78,1.37,0.003,negative
65,0,104,128,79,274,6.78,0.197,positive
42,0,70,117,76,100,4.24,0.003,negative
55,1,61,90,57,188,1.3,0.11,positive
60,1,69,94,55,87,0.609,0.016,positive
58,1,98,91,50,182,15.23,0.013,positive
50,1,64,109,60,96,1.54,0.93,positive
53,1,55,120,79,114,2.93,0.03,positive
50,0,79,92,55,415,16.95,0.005,positive
64,0,68,91,61,119,2.97,1.53,positive
65,1,60,112,56,95,4.22,1.04,positive
62,0,60,145,67,208,1.29,0.009,negative
67,0,81,150,75,80,4.8,0.009,negative
62,1,90,136,68,141,1.83,0.014,negative
43,1,90,95,50,118,1.33,0.544,positive
47,0,58,93,78,170,1.19,0.068,positive
40,1,57,208,40,108,2.11,0.003,negative
55,0,80,117,83,200,0.78,0.052,positive
56,0,68,123,70,102,2.28,0.255,positive
47,1,71,117,61,140,4.39,1.37,positive
60,0,78,109,69,230,19.47,0.003,positive
56,1,75,157,67,104,2.41,0.45,positive
45,1,117,100,68,202,3.18,0.003,negative
47,1,94,105,81,135,36.24,0.263,positive
70,0,80,135,75,351,2.21,10,positive
85,1,112,115,69,114,2.19,0.062,positive
48,1,84,118,68,96,5.33,0.006,negative
86,0,40,179,68,147,5.22,0.011,negative
44,1,94,122,67,204,1.63,0.006,negative
66,1,84,125,55,149,1.33,0.172,positive
45,1,85,168,104,96,1.24,4.25,positive
54,1,58,117,68,443,5.8,0.359,positive
51,1,94,157,79,134,50.89,1.77,positive
